61,10
61,9
61,8
281,74
281,73
0,304
281,72
281,71
281,70
281,69
281,68
281,67
281,66
281,65
281,64
281,127
281,35
281,34
281,33
281,32
281,31
281,30
281,29
281,28
281,27
281,26
281,25
0,487
281,24
281,23
277,9
0,461
277,8
276,5
276,4
278,8
0,447
0,446
0,445
0,444
0,442
0,441
0,440
0,439
0,438
144,7
144,6
0,437
65,5
65,4
277,7
281,22
281,21
281,20
281,19
281,18
281,17
281,16
281,15
281,14
281,13
287,52
287,51
287,50
287,49
287,48
287,47
287,46
287,45
287,44
287,43
287,42
287,41
287,40
287,39
287,38
0,436
0,435
0,434
0,431
0,430
0,426
0,423
281,12
281,11
281,10
281,9
281,8
281,7
281,6
281,5
281,4
277,6
277,5
277,4
278,7
278,6
278,5
278,4
287,37
287,36
287,35
0,420
92,6
92,5
92,4
92,1
92,3
92,2
89,1
89,4
88,1
88,3
88,2
87,1
87,3
87,2
86,4
86,1
86,3
86,2
85,1
85,3
85,2
84,1
84,3
84,2
83,4
83,1
83,3
83,2
82,5
82,4
82,1
82,3
82,2
81,4
81,1
2,2
81,3
2,1
80,1
2,3
80,3
79,1
79,4
78,6
78,5
78,1
78,4
77,7
77,6
77,5
77,4
77,1
77,3
74,1
74,3
73,1
73,3
68,5
68,4
68,1
68,3
67,9
67,8
67,7
67,6
67,5
67,4
67,1
67,3
66,1
66,3
63,1
63,3
63,2
62,2
59,6
59,5
59,4
59,1
59,3
57,6
57,4
57,1
57,3
55,14
55,13
55,12
55,11
55,10
53,1
53,4
51,1
51,3
51,2
50,2
49,5
49,4
49,1
49,3
48,2
47,1
47,5
47,2
46,2
45,5
45,4
45,1
45,3
33,13
33,12
33,11
33,10
33,9
33,8
33,7
33,6
33,5
33,4
33,1
33,3
33,2
32,1
32,3
31,2
30,2
25,4
25,1
25,3
24,9
24,8
24,7
24,6
24,5
24,4
24,1
24,3
24,2
14,69
14,68
14,67
14,66
14,30
14,27
14,25
14,18
14,17
14,16
14,15
14,14
14,13
14,8
14,3
14,2
14,1
14,0
13,1
13,5
13,3
0,475
0,474
0,473
0,472
0,393
0,390
0,386
0,308
0,278
0,9
0,0
287,34
287,33
287,32
287,31
287,30
287,29
287,28
287,27
287,26
287,25
287,24
287,23
287,22
287,21
287,20
287,19
287,18
287,17
287,16
287,15
287,14
287,13
287,12
287,11
287,10
287,9
287,8
287,7
287,6
287,5
287,4
287,3
287,2
287,0
0,414
0,411
0,402
0,396
0,395
0,276
0,399
0,398
0,275
0,272
0,271
0,385
0,12
0,315
0,10
0,391
0,8
0,428
0,381
0,268
0,427
0,380
0,267
0,505
0,379
0,266
0,306
0,378
0,265
0,425
0,377
0,264
0,424
0,376
0,263
0,382
0,375
0,262
0,508
0,374
0,261
0,422
0,373
0,260
0,421
0,372
0,259
0,302
0,371
0,258
0,479
0,370
0,257
0,419
0,369
0,256
0,418
0,368
0,255
0,312
0,367
0,254
0,480
0,366
0,253
